{
 "cells": [
  {
   "cell_type": "code",
   "execution_count": 5,
   "metadata": {},
   "outputs": [],
   "source": [
    "import psi4\n",
    "import numpy as np\n",
    "from scipy.linalg import fractional_matrix_power\n",
    "\n",
    "if __name__ == \"__main__\":\n",
    "    mol = psi4.geometry(\"\"\"\n",
    "    0 2\n",
    "    C\n",
    "    C 1 1.3\n",
    "    H 2 1.1 1 120.0\n",
    "    H 2 1.1 1 120.0 3 -120.0\n",
    "    H 2 1.1 1 120.0 3 120.0\n",
    "    H 1 1.1 2 120.0 3 90.0\n",
    "    H 1 1.1 2 120.0 3 -90.0\n",
    "    symmetry c1\"\"\")\n",
    "psi4.set_options({'basis':'cc-pvdz',\n",
    "                  'reference':'uhf',\n",
    "                  'scf_type':'pk'})\n",
    "\n",
    "wfn = psi4.core.Wavefunction.build(mol,psi4.core.get_global_option('BASIS'))\n",
    "mints = psi4.core.MintsHelper(wfn)\n",
    "Sb = np.asarray(mints.ao_overlap())\n",
    "Tb = np.asarray(mints.ao_kinetic())\n",
    "Vb = np.asarray(mints.ao_potential())\n",
    "Gb = mints.ao_eri()\n",
    "\n",
    "nocc = int( sum(mol.Z(A) for A in range(mol.natom())) - mol.molecular_charge() )"
   ]
  },
  {
   "cell_type": "code",
   "execution_count": 3,
   "metadata": {},
   "outputs": [],
   "source": [
    "e,wfn_ = psi4.energy('scf',mol=mol,return_wfn=True)"
   ]
  },
  {
   "cell_type": "code",
   "execution_count": 8,
   "metadata": {},
   "outputs": [],
   "source": [
    "mints_ = psi4.core.MintsHelper(wfn_)"
   ]
  },
  {
   "cell_type": "code",
   "execution_count": 14,
   "metadata": {},
   "outputs": [
    {
     "ename": "TypeError",
     "evalue": "mo_eri(): incompatible function arguments. The following argument types are supported:\n    1. (self: psi4.core.MintsHelper, C1: psi4.core.Matrix, C2: psi4.core.Matrix, C3: psi4.core.Matrix, C4: psi4.core.Matrix) -> psi4.core.Matrix\n\nInvoked with: <psi4.core.MintsHelper object at 0x7fe514c10928>, array([[[ 3.50642730e+00, -1.16833169e+00,  4.30158715e-01, ...,\n         -1.92238381e-01,  0.00000000e+00, -1.10988881e-01],\n        [-1.16833169e+00,  1.29614536e+00,  4.78712299e-01, ...,\n         -2.28367476e-01,  0.00000000e+00, -1.31848024e-01],\n        [ 4.30158715e-01,  4.78712299e-01,  6.31050881e-01, ...,\n         -2.10445953e-01,  0.00000000e+00, -1.21501028e-01],\n        ...,\n        [-1.92238381e-01, -2.28367476e-01, -2.10445953e-01, ...,\n          5.25192425e-01,  0.00000000e+00,  4.75699749e-02],\n        [ 0.00000000e+00,  0.00000000e+00,  0.00000000e+00, ...,\n          0.00000000e+00,  4.42798812e-01,  0.00000000e+00],\n        [-1.10988881e-01, -1.31848024e-01, -1.21501028e-01, ...,\n          4.75699749e-02,  0.00000000e+00,  4.70263350e-01]],\n\n       [[-1.16833169e+00,  4.18284095e-01, -1.26918055e-01, ...,\n          5.61687003e-02,  0.00000000e+00,  3.24290142e-02],\n        [ 4.18284095e-01, -3.56592370e-01, -9.49306158e-02, ...,\n          4.59673144e-02,  0.00000000e+00,  2.65392413e-02],\n        [-1.26918055e-01, -9.49306158e-02, -1.42020653e-01, ...,\n          4.80949931e-02,  0.00000000e+00,  2.77676572e-02],\n        ...,\n        [ 5.61687003e-02,  4.59673144e-02,  4.80949931e-02, ...,\n         -1.15267032e-01,  0.00000000e+00, -1.13323839e-02],\n        [ 0.00000000e+00,  0.00000000e+00,  0.00000000e+00, ...,\n          0.00000000e+00, -9.56387672e-02,  0.00000000e+00],\n        [ 3.24290142e-02,  2.65392413e-02,  2.77676572e-02, ...,\n         -1.13323839e-02,  0.00000000e+00, -1.02181522e-01]],\n\n       [[ 4.30158715e-01, -1.26918055e-01,  6.21122662e-02, ...,\n         -2.80638713e-02,  0.00000000e+00, -1.62026837e-02],\n        [-1.26918055e-01,  2.01229333e-01,  9.51202964e-02, ...,\n         -4.49623667e-02,  0.00000000e+00, -2.59590345e-02],\n        [ 6.21122662e-02,  9.51202964e-02,  1.16156627e-01, ...,\n         -3.82389730e-02,  0.00000000e+00, -2.20772813e-02],\n        ...,\n        [-2.80638713e-02, -4.49623667e-02, -3.82389730e-02, ...,\n          9.84073439e-02,  0.00000000e+00,  8.30461131e-03],\n        [ 0.00000000e+00,  0.00000000e+00,  0.00000000e+00, ...,\n          0.00000000e+00,  8.40233352e-02,  0.00000000e+00],\n        [-1.62026837e-02, -2.59590345e-02, -2.20772813e-02, ...,\n          8.30461131e-03,  0.00000000e+00,  8.88180047e-02]],\n\n       ...,\n\n       [[-1.92238381e-01,  5.61687003e-02, -2.80638713e-02, ...,\n          1.37134107e-02,  0.00000000e+00,  7.86750942e-03],\n        [ 5.61687003e-02, -9.17169720e-02, -4.39876306e-02, ...,\n          2.41116610e-02,  0.00000000e+00,  1.35513074e-02],\n        [-2.80638713e-02, -4.39876306e-02, -5.34212964e-02, ...,\n          2.01290311e-02,  0.00000000e+00,  1.12099164e-02],\n        ...,\n        [ 1.37134107e-02,  2.41116610e-02,  2.01290311e-02, ...,\n         -5.21505716e-02,  0.00000000e+00, -4.83555065e-03],\n        [ 0.00000000e+00,  0.00000000e+00,  0.00000000e+00, ...,\n          0.00000000e+00, -4.32072098e-02,  0.00000000e+00],\n        [ 7.86750942e-03,  1.35513074e-02,  1.12099164e-02, ...,\n         -4.83555065e-03,  0.00000000e+00, -4.58097021e-02]],\n\n       [[ 0.00000000e+00,  0.00000000e+00,  0.00000000e+00, ...,\n          0.00000000e+00,  8.64846864e-05,  0.00000000e+00],\n        [ 0.00000000e+00,  0.00000000e+00,  0.00000000e+00, ...,\n          0.00000000e+00,  6.40108116e-04,  0.00000000e+00],\n        [ 0.00000000e+00,  0.00000000e+00,  0.00000000e+00, ...,\n          0.00000000e+00,  7.12886306e-04,  0.00000000e+00],\n        ...,\n        [ 0.00000000e+00,  0.00000000e+00,  0.00000000e+00, ...,\n          0.00000000e+00, -5.67942406e-04,  0.00000000e+00],\n        [ 8.64846864e-05,  6.40108116e-04,  7.12886306e-04, ...,\n         -5.67942406e-04,  0.00000000e+00, -3.27901701e-04],\n        [ 0.00000000e+00,  0.00000000e+00,  0.00000000e+00, ...,\n          0.00000000e+00, -3.27901701e-04,  0.00000000e+00]],\n\n       [[-1.10988881e-01,  3.24290142e-02, -1.62026837e-02, ...,\n          7.86750942e-03,  0.00000000e+00,  4.62879337e-03],\n        [ 3.24290142e-02, -5.29528185e-02, -2.53962704e-02, ...,\n          1.35513074e-02,  0.00000000e+00,  8.46395907e-03],\n        [-1.62026837e-02, -2.53962704e-02, -3.08427998e-02, ...,\n          1.12099164e-02,  0.00000000e+00,  7.18493459e-03],\n        ...,\n        [ 7.86750942e-03,  1.35513074e-02,  1.12099164e-02, ...,\n         -2.94533431e-02,  0.00000000e+00, -3.17043474e-03],\n        [ 0.00000000e+00,  0.00000000e+00,  0.00000000e+00, ...,\n          0.00000000e+00, -2.49456942e-02,  0.00000000e+00],\n        [ 4.62879337e-03,  8.46395907e-03,  7.18493459e-03, ...,\n         -3.17043474e-03,  0.00000000e+00, -2.71040472e-02]]]), array([[[-1.16833169e+00,  4.18284095e-01, -1.26918055e-01, ...,\n          5.61687003e-02,  0.00000000e+00,  3.24290142e-02],\n        [ 4.18284095e-01, -3.56592370e-01, -9.49306158e-02, ...,\n          4.59673144e-02,  0.00000000e+00,  2.65392413e-02],\n        [-1.26918055e-01, -9.49306158e-02, -1.42020653e-01, ...,\n          4.80949931e-02,  0.00000000e+00,  2.77676572e-02],\n        ...,\n        [ 5.61687003e-02,  4.59673144e-02,  4.80949931e-02, ...,\n         -1.15267032e-01,  0.00000000e+00, -1.13323839e-02],\n        [ 0.00000000e+00,  0.00000000e+00,  0.00000000e+00, ...,\n          0.00000000e+00, -9.56387672e-02,  0.00000000e+00],\n        [ 3.24290142e-02,  2.65392413e-02,  2.77676572e-02, ...,\n         -1.13323839e-02,  0.00000000e+00, -1.02181522e-01]],\n\n       [[ 1.29614536e+00, -3.56592370e-01,  2.01229333e-01, ...,\n         -9.17169720e-02,  0.00000000e+00, -5.29528185e-02],\n        [-3.56592370e-01,  8.19342255e-01,  4.64376175e-01, ...,\n         -2.15589600e-01,  0.00000000e+00, -1.24470714e-01],\n        [ 2.01229333e-01,  4.64376175e-01,  5.51730753e-01, ...,\n         -1.72024304e-01,  0.00000000e+00, -9.93182784e-02],\n        ...,\n        [-9.17169720e-02, -2.15589600e-01, -1.72024304e-01, ...,\n          4.86788918e-01,  0.00000000e+00,  2.85697557e-02],\n        [ 0.00000000e+00,  0.00000000e+00,  0.00000000e+00, ...,\n          0.00000000e+00,  4.37304649e-01,  0.00000000e+00],\n        [-5.29528185e-02, -1.24470714e-01, -9.93182784e-02, ...,\n          2.85697557e-02,  0.00000000e+00,  4.53799405e-01]],\n\n       [[ 4.78712299e-01, -9.49306158e-02,  9.51202964e-02, ...,\n         -4.39876306e-02,  0.00000000e+00, -2.53962704e-02],\n        [-9.49306158e-02,  4.64376175e-01,  3.11704070e-01, ...,\n         -1.42514933e-01,  0.00000000e+00, -8.22810347e-02],\n        [ 9.51202964e-02,  3.11704070e-01,  3.65997114e-01, ...,\n         -1.08751153e-01,  0.00000000e+00, -6.27875076e-02],\n        ...,\n        [-4.39876306e-02, -1.42514933e-01, -1.08751153e-01, ...,\n          3.30802457e-01,  0.00000000e+00,  1.31510150e-02],\n        [ 0.00000000e+00,  0.00000000e+00,  0.00000000e+00, ...,\n          0.00000000e+00,  3.08024231e-01,  0.00000000e+00],\n        [-2.53962704e-02, -8.22810347e-02, -6.27875076e-02, ...,\n          1.31510150e-02,  0.00000000e+00,  3.15616973e-01]],\n\n       ...,\n\n       [[-2.28367476e-01,  4.59673144e-02, -4.49623667e-02, ...,\n          2.41116610e-02,  0.00000000e+00,  1.35513074e-02],\n        [ 4.59673144e-02, -2.15589600e-01, -1.42514933e-01, ...,\n          9.45121770e-02,  0.00000000e+00,  4.67149042e-02],\n        [-4.49623667e-02, -1.42514933e-01, -1.64611242e-01, ...,\n          7.37828065e-02,  0.00000000e+00,  3.19185475e-02],\n        ...,\n        [ 2.41116610e-02,  9.45121770e-02,  7.37828065e-02, ...,\n         -2.16182526e-01,  0.00000000e+00, -9.40668527e-03],\n        [ 0.00000000e+00,  0.00000000e+00,  0.00000000e+00, ...,\n          0.00000000e+00, -1.88316926e-01,  0.00000000e+00],\n        [ 1.35513074e-02,  4.67149042e-02,  3.19185475e-02, ...,\n         -9.40668527e-03,  0.00000000e+00, -1.89890297e-01]],\n\n       [[ 0.00000000e+00,  0.00000000e+00,  0.00000000e+00, ...,\n          0.00000000e+00,  6.40108116e-04,  0.00000000e+00],\n        [ 0.00000000e+00,  0.00000000e+00,  0.00000000e+00, ...,\n          0.00000000e+00,  1.35995894e-02,  0.00000000e+00],\n        [ 0.00000000e+00,  0.00000000e+00,  0.00000000e+00, ...,\n          0.00000000e+00,  1.84982605e-02,  0.00000000e+00],\n        ...,\n        [ 0.00000000e+00,  0.00000000e+00,  0.00000000e+00, ...,\n          0.00000000e+00, -1.15727430e-02,  0.00000000e+00],\n        [ 6.40108116e-04,  1.35995894e-02,  1.84982605e-02, ...,\n         -1.15727430e-02,  0.00000000e+00, -6.68152631e-03],\n        [ 0.00000000e+00,  0.00000000e+00,  0.00000000e+00, ...,\n          0.00000000e+00, -6.68152631e-03,  0.00000000e+00]],\n\n       [[-1.31848024e-01,  2.65392413e-02, -2.59590345e-02, ...,\n          1.35513074e-02,  0.00000000e+00,  8.46395907e-03],\n        [ 2.65392413e-02, -1.24470714e-01, -8.22810347e-02, ...,\n          4.67149042e-02,  0.00000000e+00,  4.05704519e-02],\n        [-2.59590345e-02, -8.22810347e-02, -9.50383451e-02, ...,\n          3.19185475e-02,  0.00000000e+00,  3.69264425e-02],\n        ...,\n        [ 1.35513074e-02,  4.67149042e-02,  3.19185475e-02, ...,\n         -1.11449987e-01,  0.00000000e+00, -1.31461143e-02],\n        [ 0.00000000e+00,  0.00000000e+00,  0.00000000e+00, ...,\n          0.00000000e+00, -1.08724828e-01,  0.00000000e+00],\n        [ 8.46395907e-03,  4.05704519e-02,  3.69264425e-02, ...,\n         -1.31461143e-02,  0.00000000e+00, -1.22996267e-01]]]), array([[[ 0.43015872, -0.12691805,  0.06211227, ..., -0.02806387,\n          0.        , -0.01620268],\n        [-0.12691805,  0.20122933,  0.0951203 , ..., -0.04496237,\n          0.        , -0.02595903],\n        [ 0.06211227,  0.0951203 ,  0.11615663, ..., -0.03823897,\n          0.        , -0.02207728],\n        ...,\n        [-0.02806387, -0.04496237, -0.03823897, ...,  0.09840734,\n          0.        ,  0.00830461],\n        [ 0.        ,  0.        ,  0.        , ...,  0.        ,\n          0.08402334,  0.        ],\n        [-0.01620268, -0.02595903, -0.02207728, ...,  0.00830461,\n          0.        ,  0.088818  ]],\n\n       [[ 0.4787123 , -0.09493062,  0.0951203 , ..., -0.04398763,\n          0.        , -0.02539627],\n        [-0.09493062,  0.46437618,  0.31170407, ..., -0.14251493,\n          0.        , -0.08228103],\n        [ 0.0951203 ,  0.31170407,  0.36599711, ..., -0.10875115,\n          0.        , -0.06278751],\n        ...,\n        [-0.04398763, -0.14251493, -0.10875115, ...,  0.33080246,\n          0.        ,  0.01315101],\n        [ 0.        ,  0.        ,  0.        , ...,  0.        ,\n          0.30802423,  0.        ],\n        [-0.02539627, -0.08228103, -0.06278751, ...,  0.01315101,\n          0.        ,  0.31561697]],\n\n       [[ 0.63105088, -0.14202065,  0.11615663, ..., -0.0534213 ,\n          0.        , -0.0308428 ],\n        [-0.14202065,  0.55173075,  0.36599711, ..., -0.16461124,\n          0.        , -0.09503835],\n        [ 0.11615663,  0.36599711,  0.45078712, ..., -0.12529044,\n          0.        , -0.07233647],\n        ...,\n        [-0.0534213 , -0.16461124, -0.12529044, ...,  0.41511231,\n          0.        ,  0.00935798],\n        [ 0.        ,  0.        ,  0.        , ...,  0.        ,\n          0.39890381,  0.        ],\n        [-0.0308428 , -0.09503835, -0.07233647, ...,  0.00935798,\n          0.        ,  0.40430664]],\n\n       ...,\n\n       [[-0.21044595,  0.04809499, -0.03823897, ...,  0.02012903,\n          0.        ,  0.01120992],\n        [ 0.04809499, -0.1720243 , -0.10875115, ...,  0.07378281,\n          0.        ,  0.03191855],\n        [-0.03823897, -0.10875115, -0.12529044, ...,  0.06365763,\n          0.        ,  0.01939431],\n        ...,\n        [ 0.02012903,  0.07378281,  0.06365763, ..., -0.1407415 ,\n          0.        , -0.00502762],\n        [ 0.        ,  0.        ,  0.        , ...,  0.        ,\n         -0.12414558,  0.        ],\n        [ 0.01120992,  0.03191855,  0.01939431, ..., -0.00502762,\n          0.        , -0.12441901]],\n\n       [[ 0.        ,  0.        ,  0.        , ...,  0.        ,\n          0.00071289,  0.        ],\n        [ 0.        ,  0.        ,  0.        , ...,  0.        ,\n          0.01849826,  0.        ],\n        [ 0.        ,  0.        ,  0.        , ...,  0.        ,\n          0.0300657 ,  0.        ],\n        ...,\n        [ 0.        ,  0.        ,  0.        , ...,  0.        ,\n         -0.00788781,  0.        ],\n        [ 0.00071289,  0.01849826,  0.0300657 , ..., -0.00788781,\n          0.        , -0.00455403],\n        [ 0.        ,  0.        ,  0.        , ...,  0.        ,\n         -0.00455403,  0.        ]],\n\n       [[-0.12150103,  0.02776766, -0.02207728, ...,  0.01120992,\n          0.        ,  0.00718493],\n        [ 0.02776766, -0.09931828, -0.06278751, ...,  0.03191855,\n          0.        ,  0.03692644],\n        [-0.02207728, -0.06278751, -0.07233647, ...,  0.01939431,\n          0.        ,  0.04126301],\n        ...,\n        [ 0.01120992,  0.03191855,  0.01939431, ..., -0.07214908,\n          0.        , -0.00816124],\n        [ 0.        ,  0.        ,  0.        , ...,  0.        ,\n         -0.07167549,  0.        ],\n        [ 0.00718493,  0.03692644,  0.04126301, ..., -0.00816124,\n          0.        , -0.08094141]]]), array([[[ 0.        ,  0.        ,  0.        , ..., -0.00483658,\n          0.        , -0.00367176],\n        [ 0.        ,  0.        ,  0.        , ..., -0.01048084,\n          0.        , -0.009364  ],\n        [ 0.        ,  0.        ,  0.        , ..., -0.00775172,\n          0.        , -0.00793837],\n        ...,\n        [-0.00483658, -0.01048084, -0.00775172, ...,  0.0215023 ,\n          0.        ,  0.00578565],\n        [ 0.        ,  0.        ,  0.        , ...,  0.        ,\n          0.01600601,  0.        ],\n        [-0.00367176, -0.009364  , -0.00793837, ...,  0.00578565,\n          0.        ,  0.0208546 ]],\n\n       [[ 0.        ,  0.        ,  0.        , ..., -0.00586196,\n          0.        , -0.00462418],\n        [ 0.        ,  0.        ,  0.        , ..., -0.03931445,\n          0.        , -0.03704562],\n        [ 0.        ,  0.        ,  0.        , ..., -0.02581416,\n          0.        , -0.0311501 ],\n        ...,\n        [-0.00586196, -0.03931445, -0.02581416, ...,  0.09770542,\n          0.        ,  0.01508699],\n        [ 0.        ,  0.        ,  0.        , ...,  0.        ,\n          0.09124464,  0.        ],\n        [-0.00462418, -0.03704562, -0.0311501 , ...,  0.01508699,\n          0.        ,  0.106512  ]],\n\n       [[ 0.        ,  0.        ,  0.        , ..., -0.00543545,\n          0.        , -0.00426595],\n        [ 0.        ,  0.        ,  0.        , ..., -0.03257631,\n          0.        , -0.03135522],\n        [ 0.        ,  0.        ,  0.        , ..., -0.02092311,\n          0.        , -0.02714916],\n        ...,\n        [-0.00543545, -0.03257631, -0.02092311, ...,  0.09102578,\n          0.        ,  0.01023463],\n        [ 0.        ,  0.        ,  0.        , ...,  0.        ,\n          0.09000955,  0.        ],\n        [-0.00426595, -0.03135522, -0.02714916, ...,  0.01023463,\n          0.        ,  0.10148873]],\n\n       ...,\n\n       [[-0.23724424,  0.05367027, -0.04339654, ...,  0.02419602,\n          0.        ,  0.01416866],\n        [ 0.05367027, -0.19425929, -0.12267071, ...,  0.08741673,\n          0.        ,  0.04891926],\n        [-0.04339654, -0.12267071, -0.14179416, ...,  0.06852783,\n          0.        ,  0.03522987],\n        ...,\n        [ 0.02419602,  0.08741673,  0.06852783, ..., -0.19550248,\n          0.        , -0.01585749],\n        [ 0.        ,  0.        ,  0.        , ...,  0.        ,\n         -0.1715164 ,  0.        ],\n        [ 0.01416866,  0.04891926,  0.03522987, ..., -0.01585749,\n          0.        , -0.17757929]],\n\n       [[ 0.        ,  0.        ,  0.        , ...,  0.        ,\n          0.00067426,  0.        ],\n        [ 0.        ,  0.        ,  0.        , ...,  0.        ,\n          0.01567027,  0.        ],\n        [ 0.        ,  0.        ,  0.        , ...,  0.        ,\n          0.02237863,  0.        ],\n        ...,\n        [ 0.        ,  0.        ,  0.        , ...,  0.        ,\n         -0.01083091,  0.        ],\n        [ 0.00067426,  0.01567027,  0.02237863, ..., -0.01083091,\n          0.        , -0.00993592],\n        [ 0.        ,  0.        ,  0.        , ...,  0.        ,\n         -0.00993592,  0.        ]],\n\n       [[-0.22193614,  0.04977141, -0.04087669, ...,  0.02163121,\n          0.        ,  0.01350274],\n        [ 0.04977141, -0.18819847, -0.12127154, ...,  0.07137593,\n          0.        ,  0.06120725],\n        [-0.04087669, -0.12127154, -0.14273179, ...,  0.04918401,\n          0.        ,  0.05573195],\n        ...,\n        [ 0.02163121,  0.07137593,  0.04918401, ..., -0.17794488,\n          0.        , -0.0168938 ],\n        [ 0.        ,  0.        ,  0.        , ...,  0.        ,\n         -0.17202332,  0.        ],\n        [ 0.01350274,  0.06120725,  0.05573195, ..., -0.0168938 ,\n          0.        , -0.19692213]]]), array([[[ 0.        ,  0.        ,  0.        , ...,  0.        ,\n          0.00152308,  0.        ],\n        [ 0.        ,  0.        ,  0.        , ...,  0.        ,\n          0.00573809,  0.        ],\n        [ 0.        ,  0.        ,  0.        , ...,  0.        ,\n          0.00599794,  0.        ],\n        ...,\n        [ 0.        ,  0.        ,  0.        , ...,  0.        ,\n         -0.00452474,  0.        ],\n        [ 0.00152308,  0.00573809,  0.00599794, ..., -0.00452474,\n          0.        , -0.00261236],\n        [ 0.        ,  0.        ,  0.        , ...,  0.        ,\n         -0.00261236,  0.        ]],\n\n       [[ 0.        ,  0.        ,  0.        , ...,  0.        ,\n          0.00214735,  0.        ],\n        [ 0.        ,  0.        ,  0.        , ...,  0.        ,\n          0.02485045,  0.        ],\n        [ 0.        ,  0.        ,  0.        , ...,  0.        ,\n          0.0281394 ,  0.        ],\n        ...,\n        [ 0.        ,  0.        ,  0.        , ...,  0.        ,\n         -0.01967065,  0.        ],\n        [ 0.00214735,  0.02485045,  0.0281394 , ..., -0.01967065,\n          0.        , -0.01135685],\n        [ 0.        ,  0.        ,  0.        , ...,  0.        ,\n         -0.01135685,  0.        ]],\n\n       [[ 0.        ,  0.        ,  0.        , ...,  0.        ,\n          0.00195339,  0.        ],\n        [ 0.        ,  0.        ,  0.        , ...,  0.        ,\n          0.02173253,  0.        ],\n        [ 0.        ,  0.        ,  0.        , ...,  0.        ,\n          0.02610061,  0.        ],\n        ...,\n        [ 0.        ,  0.        ,  0.        , ...,  0.        ,\n         -0.01671066,  0.        ],\n        [ 0.00195339,  0.02173253,  0.02610061, ..., -0.01671066,\n          0.        , -0.00964791],\n        [ 0.        ,  0.        ,  0.        , ...,  0.        ,\n         -0.00964791,  0.        ]],\n\n       ...,\n\n       [[ 0.        ,  0.        ,  0.        , ...,  0.        ,\n         -0.00101907,  0.        ],\n        [ 0.        ,  0.        ,  0.        , ...,  0.        ,\n         -0.01298418,  0.        ],\n        [ 0.        ,  0.        ,  0.        , ...,  0.        ,\n         -0.01487073,  0.        ],\n        ...,\n        [ 0.        ,  0.        ,  0.        , ...,  0.        ,\n          0.01431082,  0.        ],\n        [-0.00101907, -0.01298418, -0.01487073, ...,  0.01431082,\n          0.        ,  0.00457966],\n        [ 0.        ,  0.        ,  0.        , ...,  0.        ,\n          0.00457966,  0.        ]],\n\n       [[ 0.14716043, -0.03253635,  0.02740397, ..., -0.01394459,\n          0.        , -0.00805091],\n        [-0.03253635,  0.13171003,  0.08737776, ..., -0.05188029,\n          0.        , -0.0299531 ],\n        [ 0.02740397,  0.08737776,  0.10542456, ..., -0.03904001,\n          0.        , -0.02253976],\n        ...,\n        [-0.01394459, -0.05188029, -0.03904001, ...,  0.13436892,\n          0.        ,  0.00457966],\n        [ 0.        ,  0.        ,  0.        , ...,  0.        ,\n          0.13919396,  0.        ],\n        [-0.00805091, -0.0299531 , -0.02253976, ...,  0.00457966,\n          0.        ,  0.12908079]],\n\n       [[ 0.        ,  0.        ,  0.        , ...,  0.        ,\n         -0.00058836,  0.        ],\n        [ 0.        ,  0.        ,  0.        , ...,  0.        ,\n         -0.00749642,  0.        ],\n        [ 0.        ,  0.        ,  0.        , ...,  0.        ,\n         -0.00858562,  0.        ],\n        ...,\n        [ 0.        ,  0.        ,  0.        , ...,  0.        ,\n          0.00457966,  0.        ],\n        [-0.00058836, -0.00749642, -0.00858562, ...,  0.00457966,\n          0.        ,  0.00902268],\n        [ 0.        ,  0.        ,  0.        , ...,  0.        ,\n          0.00902268,  0.        ]]]), array([[[-3.32306839e-17,  8.57766919e-18, -1.90493867e-18, ...,\n         -3.67175517e-03,  0.00000000e+00, -5.96804948e-04],\n        [ 8.50811728e-18, -1.55576758e-18,  3.36610412e-17, ...,\n         -9.36400118e-03,  0.00000000e+00,  3.31781506e-04],\n        [-8.35092580e-18,  3.79606481e-17,  9.31851783e-18, ...,\n         -7.93837020e-03,  0.00000000e+00,  1.41471578e-03],\n        ...,\n        [-3.67175517e-03, -9.36400118e-03, -7.93837020e-03, ...,\n          1.76390784e-02,  0.00000000e+00,  3.23853045e-04],\n        [ 0.00000000e+00,  0.00000000e+00,  0.00000000e+00, ...,\n          0.00000000e+00,  9.24107209e-03,  0.00000000e+00],\n        [-5.96804948e-04,  3.31781506e-04,  1.41471578e-03, ...,\n          3.23853045e-04,  0.00000000e+00,  6.81568992e-03]],\n\n       [[-2.20486438e-16, -1.03552250e-17, -3.18269093e-17, ...,\n         -4.62417880e-03,  0.00000000e+00, -5.22419849e-04],\n        [-1.04225127e-17, -6.68881958e-17, -1.87439576e-16, ...,\n         -3.70456217e-02,  0.00000000e+00,  3.46214579e-03],\n        [-3.22442727e-17, -1.87156533e-16, -1.20811689e-16, ...,\n         -3.11501047e-02,  0.00000000e+00,  1.01548784e-02],\n        ...,\n        [-4.62417880e-03, -3.70456217e-02, -3.11501047e-02, ...,\n          7.91239553e-02,  0.00000000e+00, -4.40328853e-03],\n        [ 0.00000000e+00,  0.00000000e+00,  0.00000000e+00, ...,\n          0.00000000e+00,  5.26801166e-02,  0.00000000e+00],\n        [-5.22419849e-04,  3.46214579e-03,  1.01548784e-02, ...,\n         -4.40328853e-03,  0.00000000e+00,  3.87810240e-02]],\n\n       [[ 6.92512339e-18,  1.12759595e-17,  1.35571441e-17, ...,\n         -4.26595195e-03,  0.00000000e+00, -5.09556873e-04],\n        [ 1.12622347e-17,  1.64776862e-17,  3.01811516e-17, ...,\n         -3.13552239e-02,  0.00000000e+00,  3.62958367e-03],\n        [ 7.07824632e-18,  3.45259919e-17, -2.94651519e-17, ...,\n         -2.71491571e-02,  0.00000000e+00,  1.04260353e-02],\n        ...,\n        [-4.26595195e-03, -3.13552239e-02, -2.71491571e-02, ...,\n          7.18495687e-02,  0.00000000e+00, -5.23147738e-03],\n        [ 0.00000000e+00,  0.00000000e+00,  0.00000000e+00, ...,\n          0.00000000e+00,  5.19670379e-02,  0.00000000e+00],\n        [-5.09556873e-04,  3.62958367e-03,  1.04260353e-02, ...,\n         -5.23147738e-03,  0.00000000e+00,  3.92987379e-02]],\n\n       ...,\n\n       [[-2.21936139e-01,  4.97714119e-02, -4.08766935e-02, ...,\n          2.26088547e-02,  0.00000000e+00,  1.18093998e-02],\n        [ 4.97714119e-02, -1.88198474e-01, -1.21271541e-01, ...,\n          8.79195929e-02,  0.00000000e+00,  3.25527921e-02],\n        [-4.08766935e-02, -1.21271541e-01, -1.42731794e-01, ...,\n          7.06899437e-02,  0.00000000e+00,  1.84825806e-02],\n        ...,\n        [ 2.26088547e-02,  8.79195929e-02,  7.06899437e-02, ...,\n         -2.06976050e-01,  0.00000000e+00, -1.32645236e-04],\n        [ 0.00000000e+00,  0.00000000e+00,  0.00000000e+00, ...,\n          0.00000000e+00, -1.72023317e-01,  0.00000000e+00],\n        [ 1.18093998e-02,  3.25527921e-02,  1.84825806e-02, ...,\n         -1.32645236e-04,  0.00000000e+00, -1.67890963e-01]],\n\n       [[ 0.00000000e+00,  0.00000000e+00,  0.00000000e+00, ...,\n          0.00000000e+00,  3.89284884e-04,  0.00000000e+00],\n        [ 0.00000000e+00,  0.00000000e+00,  0.00000000e+00, ...,\n          0.00000000e+00,  9.04723709e-03,  0.00000000e+00],\n        [ 0.00000000e+00,  0.00000000e+00,  0.00000000e+00, ...,\n          0.00000000e+00,  1.29203103e-02,  0.00000000e+00],\n        ...,\n        [ 0.00000000e+00,  0.00000000e+00,  0.00000000e+00, ...,\n          0.00000000e+00, -9.93592472e-03,  0.00000000e+00],\n        [ 3.89284884e-04,  9.04723709e-03,  1.29203103e-02, ...,\n         -9.93592472e-03,  0.00000000e+00,  6.42106698e-04],\n        [ 0.00000000e+00,  0.00000000e+00,  0.00000000e+00, ...,\n          0.00000000e+00,  6.42106698e-04,  0.00000000e+00]],\n\n       [[ 1.90255386e-02, -3.80080700e-03,  3.80379997e-03, ...,\n         -1.11611532e-03,  0.00000000e+00, -8.43467717e-04],\n        [-3.80080700e-03,  2.30535923e-02,  1.73615996e-02, ...,\n         -6.34331140e-03,  0.00000000e+00, -2.11149742e-03],\n        [ 3.80379997e-03,  1.73615996e-02,  2.30183188e-02, ...,\n         -5.68669467e-03,  0.00000000e+00,  1.05147400e-03],\n        ...,\n        [-1.11611532e-03, -6.34331140e-03, -5.68669467e-03, ...,\n          2.63442639e-02,  0.00000000e+00, -5.80357013e-03],\n        [ 0.00000000e+00,  0.00000000e+00,  0.00000000e+00, ...,\n          0.00000000e+00,  2.71190158e-02,  0.00000000e+00],\n        [-8.43467717e-04, -2.11149742e-03,  1.05147400e-03, ...,\n         -5.80357013e-03,  0.00000000e+00,  3.34331120e-02]]]), array([[[ 0.        ,  0.        ,  0.        , ..., -0.0005649 ,\n          0.        , -0.00043228],\n        [ 0.        ,  0.        ,  0.        , ..., -0.00172145,\n          0.        , -0.00156392],\n        [ 0.        ,  0.        ,  0.        , ..., -0.00120275,\n          0.        , -0.00130684],\n        ...,\n        [-0.0005649 , -0.00172145, -0.00120275, ...,  0.00377231,\n          0.        ,  0.0008386 ],\n        [ 0.        ,  0.        ,  0.        , ...,  0.        ,\n          0.00308912,  0.        ],\n        [-0.00043228, -0.00156392, -0.00130684, ...,  0.0008386 ,\n          0.        ,  0.00382972]],\n\n       [[ 0.        ,  0.        ,  0.        , ..., -0.00233146,\n          0.        , -0.00185929],\n        [ 0.        ,  0.        ,  0.        , ..., -0.01827231,\n          0.        , -0.01803299],\n        [ 0.        ,  0.        ,  0.        , ..., -0.01132498,\n          0.        , -0.01594467],\n        ...,\n        [-0.00233146, -0.01827231, -0.01132498, ...,  0.05668974,\n          0.        ,  0.00428721],\n        [ 0.        ,  0.        ,  0.        , ...,  0.        ,\n          0.05908826,  0.        ],\n        [-0.00185929, -0.01803299, -0.01594467, ...,  0.00428721,\n          0.        ,  0.06483822]],\n\n       [[ 0.        ,  0.        ,  0.        , ..., -0.00258611,\n          0.        , -0.00208766],\n        [ 0.        ,  0.        ,  0.        , ..., -0.02200174,\n          0.        , -0.0230713 ],\n        [ 0.        ,  0.        ,  0.        , ..., -0.01050009,\n          0.        , -0.0210876 ],\n        ...,\n        [-0.00258611, -0.02200174, -0.01050009, ...,  0.0974258 ,\n          0.        ,  0.00060597],\n        [ 0.        ,  0.        ,  0.        , ...,  0.        ,\n          0.1072346 ,  0.        ],\n        [-0.00208766, -0.0230713 , -0.0210876 , ...,  0.00060597,\n          0.        ,  0.1112039 ]],\n\n       ...,\n\n       [[-0.03624553,  0.00817641, -0.00659929, ...,  0.0041754 ,\n          0.        ,  0.00226572],\n        [ 0.00817641, -0.02717664, -0.01452862, ...,  0.01963791,\n          0.        ,  0.00400009],\n        [-0.00659929, -0.01452862, -0.00918878, ...,  0.02673232,\n          0.        , -0.00040565],\n        ...,\n        [ 0.0041754 ,  0.01963791,  0.02673232, ...,  0.032018  ,\n          0.        , -0.00486979],\n        [ 0.        ,  0.        ,  0.        , ...,  0.        ,\n          0.02746672,  0.        ],\n        [ 0.00226572,  0.00400009, -0.00040565, ..., -0.00486979,\n          0.        ,  0.02750631]],\n\n       [[ 0.        ,  0.        ,  0.        , ...,  0.        ,\n          0.00062021,  0.        ],\n        [ 0.        ,  0.        ,  0.        , ...,  0.        ,\n          0.01926648,  0.        ],\n        [ 0.        ,  0.        ,  0.        , ...,  0.        ,\n          0.03481235,  0.        ],\n        ...,\n        [ 0.        ,  0.        ,  0.        , ...,  0.        ,\n          0.00119837,  0.        ],\n        [ 0.00062021,  0.01926648,  0.03481235, ...,  0.00119837,\n          0.        , -0.00552605],\n        [ 0.        ,  0.        ,  0.        , ...,  0.        ,\n         -0.00552605,  0.        ]],\n\n       [[-0.09996007,  0.02184193, -0.01876741, ...,  0.00960334,\n          0.        ,  0.00628776],\n        [ 0.02184193, -0.0925016 , -0.06189275, ...,  0.03118437,\n          0.        ,  0.03945643],\n        [-0.01876741, -0.06189275, -0.07363445, ...,  0.01721321,\n          0.        ,  0.04720955],\n        ...,\n        [ 0.00960334,  0.03118437,  0.01721321, ..., -0.0812397 ,\n          0.        ,  0.00123797],\n        [ 0.        ,  0.        ,  0.        , ...,  0.        ,\n         -0.08189595,  0.        ],\n        [ 0.00628776,  0.03945643,  0.04720955, ...,  0.00123797,\n          0.        , -0.09312108]]]), array([[[ 0.00000000e+00,  0.00000000e+00,  0.00000000e+00, ...,\n          0.00000000e+00,  1.83826789e-04,  0.00000000e+00],\n        [ 0.00000000e+00,  0.00000000e+00,  0.00000000e+00, ...,\n          0.00000000e+00,  9.87341724e-04,  0.00000000e+00],\n        [ 0.00000000e+00,  0.00000000e+00,  0.00000000e+00, ...,\n          0.00000000e+00,  1.06076086e-03,  0.00000000e+00],\n        ...,\n        [ 0.00000000e+00,  0.00000000e+00,  0.00000000e+00, ...,\n          0.00000000e+00, -7.69309062e-04,  0.00000000e+00],\n        [ 1.83826789e-04,  9.87341724e-04,  1.06076086e-03, ...,\n         -7.69309062e-04,  0.00000000e+00, -4.44160794e-04],\n        [ 0.00000000e+00,  0.00000000e+00,  0.00000000e+00, ...,\n          0.00000000e+00, -4.44160794e-04,  0.00000000e+00]],\n\n       [[ 0.00000000e+00,  0.00000000e+00,  0.00000000e+00, ...,\n          0.00000000e+00,  8.88936912e-04,  0.00000000e+00],\n        [ 0.00000000e+00,  0.00000000e+00,  0.00000000e+00, ...,\n          0.00000000e+00,  1.29617526e-02,  0.00000000e+00],\n        [ 0.00000000e+00,  0.00000000e+00,  0.00000000e+00, ...,\n          0.00000000e+00,  1.62919961e-02,  0.00000000e+00],\n        ...,\n        [ 0.00000000e+00,  0.00000000e+00,  0.00000000e+00, ...,\n          0.00000000e+00, -9.82419424e-03,  0.00000000e+00],\n        [ 8.88936912e-04,  1.29617526e-02,  1.62919961e-02, ...,\n         -9.82419424e-03,  0.00000000e+00, -5.67200119e-03],\n        [ 0.00000000e+00,  0.00000000e+00,  0.00000000e+00, ...,\n          0.00000000e+00, -5.67200119e-03,  0.00000000e+00]],\n\n       [[ 0.00000000e+00,  0.00000000e+00,  0.00000000e+00, ...,\n          0.00000000e+00,  1.02982898e-03,  0.00000000e+00],\n        [ 0.00000000e+00,  0.00000000e+00,  0.00000000e+00, ...,\n          0.00000000e+00,  1.79589188e-02,  0.00000000e+00],\n        [ 0.00000000e+00,  0.00000000e+00,  0.00000000e+00, ...,\n          0.00000000e+00,  2.60247116e-02,  0.00000000e+00],\n        ...,\n        [ 0.00000000e+00,  0.00000000e+00,  0.00000000e+00, ...,\n          0.00000000e+00, -1.08583597e-02,  0.00000000e+00],\n        [ 1.02982898e-03,  1.79589188e-02,  2.60247116e-02, ...,\n         -1.08583597e-02,  0.00000000e+00, -6.26907688e-03],\n        [ 0.00000000e+00,  0.00000000e+00,  0.00000000e+00, ...,\n          0.00000000e+00, -6.26907688e-03,  0.00000000e+00]],\n\n       ...,\n\n       [[ 0.00000000e+00,  0.00000000e+00,  0.00000000e+00, ...,\n          0.00000000e+00, -3.69158438e-04,  0.00000000e+00],\n        [ 0.00000000e+00,  0.00000000e+00,  0.00000000e+00, ...,\n          0.00000000e+00, -6.55693615e-03,  0.00000000e+00],\n        [ 0.00000000e+00,  0.00000000e+00,  0.00000000e+00, ...,\n          0.00000000e+00, -7.37742824e-03,  0.00000000e+00],\n        ...,\n        [ 0.00000000e+00,  0.00000000e+00,  0.00000000e+00, ...,\n          0.00000000e+00,  1.17876452e-02,  0.00000000e+00],\n        [-3.69158438e-04, -6.55693615e-03, -7.37742824e-03, ...,\n          1.17876452e-02,  0.00000000e+00,  5.87672982e-04],\n        [ 0.00000000e+00,  0.00000000e+00,  0.00000000e+00, ...,\n          0.00000000e+00,  5.87672982e-04,  0.00000000e+00]],\n\n       [[ 1.36890396e-01, -2.96549154e-02,  2.59068175e-02, ...,\n         -1.30782894e-02,  0.00000000e+00, -7.55075393e-03],\n        [-2.96549154e-02,  1.33040833e-01,  9.26727676e-02, ...,\n         -5.36414798e-02,  0.00000000e+00, -3.09699228e-02],\n        [ 2.59068175e-02,  9.26727676e-02,  1.18349829e-01, ...,\n         -3.78941824e-02,  0.00000000e+00, -2.18782164e-02],\n        ...,\n        [-1.30782894e-02, -5.36414798e-02, -3.78941824e-02, ...,\n          1.70332544e-01,  0.00000000e+00,  5.87672982e-04],\n        [ 0.00000000e+00,  0.00000000e+00,  0.00000000e+00, ...,\n          0.00000000e+00,  1.90854196e-01,  0.00000000e+00],\n        [-7.55075393e-03, -3.09699228e-02, -2.18782164e-02, ...,\n          5.87672982e-04,  0.00000000e+00,  1.69653957e-01]],\n\n       [[ 0.00000000e+00,  0.00000000e+00,  0.00000000e+00, ...,\n          0.00000000e+00, -2.13133724e-04,  0.00000000e+00],\n        [ 0.00000000e+00,  0.00000000e+00,  0.00000000e+00, ...,\n          0.00000000e+00, -3.78564885e-03,  0.00000000e+00],\n        [ 0.00000000e+00,  0.00000000e+00,  0.00000000e+00, ...,\n          0.00000000e+00, -4.25936018e-03,  0.00000000e+00],\n        ...,\n        [ 0.00000000e+00,  0.00000000e+00,  0.00000000e+00, ...,\n          0.00000000e+00,  5.87672982e-04,  0.00000000e+00],\n        [-2.13133724e-04, -3.78564885e-03, -4.25936018e-03, ...,\n          5.87672982e-04,  0.00000000e+00,  1.11090589e-02],\n        [ 0.00000000e+00,  0.00000000e+00,  0.00000000e+00, ...,\n          0.00000000e+00,  1.11090589e-02,  0.00000000e+00]]]), array([[[-1.91508958e-17,  8.32726308e-18, -1.28526236e-18, ...,\n         -4.32277329e-04,  0.00000000e+00, -6.57486430e-05],\n        [ 8.32308193e-18, -6.80426407e-18, -1.65871997e-18, ...,\n         -1.56392371e-03,  0.00000000e+00,  8.44099490e-05],\n        [-1.91376639e-18, -1.23943312e-18, -3.76388974e-18, ...,\n         -1.30683943e-03,  0.00000000e+00,  3.06256759e-04],\n        ...,\n        [-4.32277329e-04, -1.56392371e-03, -1.30683943e-03, ...,\n          3.06626366e-03,  0.00000000e+00, -2.87059279e-05],\n        [ 0.00000000e+00,  0.00000000e+00,  0.00000000e+00, ...,\n          0.00000000e+00,  1.78350140e-03,  0.00000000e+00],\n        [-6.57486430e-05,  8.44099490e-05,  3.06256759e-04, ...,\n         -2.87059279e-05,  0.00000000e+00,  1.32276723e-03]],\n\n       [[ 2.36935433e-18, -9.99784470e-18,  2.69147858e-18, ...,\n         -1.85929464e-03,  0.00000000e+00, -1.84527349e-04],\n        [-1.00005780e-17,  1.70208991e-17, -8.02946393e-19, ...,\n         -1.80329944e-02,  0.00000000e+00,  2.55039836e-03],\n        [ 1.44513140e-19,  9.07325811e-19,  2.24644495e-18, ...,\n         -1.59446658e-02,  0.00000000e+00,  7.08633897e-03],\n        ...,\n        [-1.85929464e-03, -1.80329944e-02, -1.59446658e-02, ...,\n          4.40738370e-02,  0.00000000e+00, -4.07423928e-03],\n        [ 0.00000000e+00,  0.00000000e+00,  0.00000000e+00, ...,\n          0.00000000e+00,  3.41146229e-02,  0.00000000e+00],\n        [-1.84527349e-04,  2.55039836e-03,  7.08633897e-03, ...,\n         -4.07423928e-03,  0.00000000e+00,  2.60903585e-02]],\n\n       [[-9.96474270e-19,  3.21042690e-19, -1.02846436e-19, ...,\n         -2.08766274e-03,  0.00000000e+00, -1.75483666e-04],\n        [ 3.16622064e-19, -8.27282853e-20,  4.77993762e-20, ...,\n         -2.30712996e-02,  0.00000000e+00,  4.63869773e-03],\n        [-2.55033287e-18,  1.68963101e-18,  0.00000000e+00, ...,\n         -2.10876043e-02,  0.00000000e+00,  1.38497776e-02],\n        ...,\n        [-2.08766274e-03, -2.30712996e-02, -2.10876043e-02, ...,\n          6.87869654e-02,  0.00000000e+00, -6.88905225e-03],\n        [ 0.00000000e+00,  0.00000000e+00,  0.00000000e+00, ...,\n          0.00000000e+00,  6.19119233e-02,  0.00000000e+00],\n        [-1.75483666e-04,  4.63869773e-03,  1.38497776e-02, ...,\n         -6.88905225e-03,  0.00000000e+00,  5.16654502e-02]],\n\n       ...,\n\n       [[-9.99600732e-02,  2.18419256e-02, -1.87674116e-02, ...,\n          1.01745552e-02,  0.00000000e+00,  5.29838714e-03],\n        [ 2.18419256e-02, -9.25016020e-02, -6.18927512e-02, ...,\n          4.60935261e-02,  0.00000000e+00,  1.36330121e-02],\n        [-1.87674116e-02, -6.18927512e-02, -7.36344508e-02, ...,\n          4.15714885e-02,  0.00000000e+00,  5.01976379e-03],\n        ...,\n        [ 1.01745552e-02,  4.60935261e-02,  4.15714885e-02, ...,\n         -9.34671365e-02,  0.00000000e+00,  8.29748344e-03],\n        [ 0.00000000e+00,  0.00000000e+00,  0.00000000e+00, ...,\n          0.00000000e+00, -8.18959516e-02,  0.00000000e+00],\n        [ 5.29838714e-03,  1.36330121e-02,  5.01976379e-03, ...,\n          8.29748344e-03,  0.00000000e+00, -8.08936356e-02]],\n\n       [[ 0.00000000e+00,  0.00000000e+00,  0.00000000e+00, ...,\n          0.00000000e+00,  3.58078261e-04,  0.00000000e+00],\n        [ 0.00000000e+00,  0.00000000e+00,  0.00000000e+00, ...,\n          0.00000000e+00,  1.11235098e-02,  0.00000000e+00],\n        [ 0.00000000e+00,  0.00000000e+00,  0.00000000e+00, ...,\n          0.00000000e+00,  2.00989220e-02,  0.00000000e+00],\n        ...,\n        [ 0.00000000e+00,  0.00000000e+00,  0.00000000e+00, ...,\n          0.00000000e+00, -5.52604744e-03,  0.00000000e+00],\n        [ 3.58078261e-04,  1.11235098e-02,  2.00989220e-02, ...,\n         -5.52604744e-